--> ramsey
22
19
23
21
21
26
23
27
25
24
30
27
29
27
28
33
31
32
31
33
31
35
35
35
37
64.9804
52.4476
60.3972
28.9939
29.0601
31.635
27.6164
28.6719
27.5398
27.9901
41.1823
41.225
41.0131
42.0876
41.8815
58.9266
58.9677
60.7317
73.982
84.6112
133.245
85.0057
129.866
117.246
116.762
--> greedy
20
20
23
22
22
23
23
26
26
26
30
31
29
27
27
34
32
32
31
33
35
35
34
38
38
10.7388
10.1651
8.51408
9.34387
8.7216
12.9514
14.6985
18.5811
20.41
15.689
22.2477
18.3238
18.5503
25.9596
58.7696
30.6106
23.8544
23.7568
24.0351
23.7342
34.8559
35.5853
35.4231
35.7046
35.5033
--> floyd
21
21
22
22
22
24
25
24
24
24
29
28
26
30
30
30
31
32
31
32
36
37
35
34
35
78.8584
77.798
78.3394
91.8912
88.0208
171.399
169.483
189.305
170.861
167.583
341.081
329.887
326.883
335.972
423.449
733.968
605.28
717.854
683.322
621.449
1200.8
1165.39
1180.67
1102.66
1159.56
--> match
20
20
23
22
22
28
24
29
25
25
30
31
29
27
27
35
34
31
32
31
35
35
34
38
38
16.2756
11.6142
11.1326
10.1771
11.2472
32.7217
22.0923
29.7171
18.9481
36.837
18.2806
21.6649
24.8897
20.4224
18.1293
33.3677
78.8819
33.7063
36.0423
42.0395
34.8256
34.1726
33.309
35.7344
34.068
--> bruno
27
28
27
27
28
31
32
32
31
31
35
36
37
37
36
41
41
39
40
40
44
44
46
45
46
2535.68
2504.61
2376.63
2525.86
2529.31
4695.89
5037.28
4685.18
5114.25
5093.08
8641.49
9200.47
9474.58
8953.18
10293.7
15818.6
16225.9
17168.3
17825.4
15355
25384.7
30118.9
29259.4
31663.5
28478.2
--> outroBruno
27
27
26
27
28
31
31
31
31
32
35
36
35
36
37
39
39
40
40
40
44
44
43
44
43
2590.89
2606.74
2565.73
2602.04
2939.16
5541.95
5188.93
5168.62
5455.47
5462.77
9496.89
9515.91
9442.46
9550.47
13041.1
18201.6
29361.1
16428.3
18564.5
17096.8
31167.5
30308.8
29955.2
30763.2
30760.5
--> bonito
27
26
27
27
28
31
32
32
31
31
35
36
35
37
35
42
40
40
41
40
44
44
44
44
44
1311.56
1121.52
1375.91
1447.29
1283.32
2595.48
2530.26
2906.54
2691.08
2584.83
5526.8
5286.03
4783.53
5386.97
4806.04
8445.77
8530.44
8556.86
9437.67
9956.87
18844.5
16862.3
18032.5
17182.8
21037.8
--> feo
28
28
27
29
28
31
32
33
32
33
37
37
36
37
37
41
40
41
41
41
46
45
45
44
45
8851.35
8954.03
8288.22
8744.53
8542.05
17588.1
16858.6
18326.6
17479.5
17716.2
34049.6
33849.1
33502
33097.1
32340.1
55966.5
56813.4
55018.3
59351.4
55878.7
103320
98018.9
106124
98067.1
100465
