20 102
0 4
0 5
0 6
0 7
0 8
0 10
0 14
0 16
0 19
1 3
1 4
1 5
1 6
1 7
1 9
1 11
1 12
1 17
1 19
2 6
2 7
2 11
2 15
2 16
2 19
3 4
3 6
3 8
3 9
3 10
3 11
3 13
3 14
3 15
3 16
3 17
4 5
4 6
4 7
4 8
4 9
4 10
4 11
4 14
4 16
4 17
4 18
4 19
5 10
5 11
5 17
5 18
6 7
6 8
6 11
6 12
6 13
6 14
6 17
6 18
7 9
7 12
7 14
7 15
7 17
7 18
8 11
8 13
8 16
8 17
8 19
9 10
9 12
9 13
9 14
9 15
9 17
9 18
10 12
10 13
10 14
10 15
10 17
11 15
11 17
11 19
12 16
12 17
12 18
12 19
13 18
14 16
14 18
14 19
15 16
15 17
15 18
15 19
16 17
16 18
17 18
17 19
